0 16.3366 -33.237
0.033 -16.1961 13.3872
0.067 -56.296 21.7715
0.1 -82.2923 71.1341
0.133 -95.037 77.7072
0.167 -131.459 130.924
0.2 -66.0856 78.9776
0.233 -127.684 119.936
0.267 -219.443 159.34
0.3 -214.457 169.158
0.333 -47.9669 105.018
0.367 9.71612 48.8518
0.4 -234.042 215.457
0.433 -269.302 232.139
0.467 -227.715 268.646
0.5 -281.209 233.685
0.533 -241.113 128.119
0.567 91.3953 30.1519
0.6 -285.942 239.598
0.633 -184.946 205.533
0.667 -176.726 182.344
0.7 107.191 144.812
0.733 -182.226 164.731
0.767 -90.7827 128.936
0.8 -261.293 151.847
0.833 -272.486 178.379
0.867 -288.785 187.482
0.9 288.797 -25.399
0.933 118.05 -2.25287
0.967 49.4762 -51.0507
1 -57.8791 72.2094
1.033 10.5844 55.8628
1.067 -13.5456 74.162
1.1 -151.764 133.796
1.133 -185.208 102.733
1.167 -37.393 57.2306
1.2 2.23519 58.9904
1.233 -2.00234 155.177
1.267 -67.5468 135.51
1.3 -258.864 279.936
1.333 -426.872 333.506
1.367 -215.22 148.074
1.4 -275.037 162.777
1.433 -151.789 24.3174
1.467 -227.349 59.4096
1.5 -303.353 56.0529
1.533 -185.03 15.9526
1.567 -102.806 91.752
1.6 -96.519 59.8855
1.633 -126.385 138.622
1.667 -71.9323 137.192
1.7 -27.8462 126.066
1.733 25.132 67.0302
1.767 -48.1551 103.193
1.8 -116.743 114.868
1.833 -114.62 113.122
1.867 -94.7224 108.474
1.9 -217.056 161.358
1.933 -305.224 192.704
1.967 -302.841 202.697
2 -102.877 63.1354
2.033 -166.068 81.7715
2.067 -76.1182 66.0887
2.1 -123.357 55.1734
2.133 -66.656 4.33725
2.167 -123.204 27.3274
2.2 -195.566 73.296
2.233 -124.726 6.76328
2.267 -251.146 90.7421
2.3 -291.963 81.6976
2.333 -142.509 136.065
2.367 1463.63 125.584
2.4 1698.8 159.854
2.433 1693.23 65.3173
2.467 1697.8 41.892
2.5 1705.79 6.92217
2.533 1748.18 -4.59547
2.567 1747.59 -12.0731
2.6 1795.27 -0.853698
2.633 1846.77 -13.2295
2.667 1756.4 35.3108
2.7 1764.75 6.70149
2.733 1748.18 -4.59547
2.767 1722.68 35.281
2.8 1655.16 30.5693
2.833 1626.92 10.7863
2.867 1649.23 17.9581
2.9 1711 66.1355
2.933 1711.97 50.3765
2.967 1707.11 93.3127
3 1718.87 30.4637
3.033 1720.37 18.2535
3.067 1743.71 -3.31507
3.1 1712.76 44.1477
3.133 1744.74 34.7648
3.167 1762.27 92.571
3.2 1771.46 75.2893
3.233 1775.21 151.246
3.267 1795.19 126.906
3.3 1825.05 92.1934
3.333 1844.75 109.336
3.367 1884.51 72.5408
3.4 1816.57 124.54
3.433 1812.86 107.896
3.467 1847.37 145.973
3.5 1793.73 167.446
3.533 1812.94 51.9368
3.567 1740.69 53.2775
3.6 1762.89 57.4545
3.633 1756.95 100.463
3.667 1777.83 139.524
3.7 1785.85 69.5824
3.733 1806.36 150.921
3.767 1848.02 183.639
3.8 1831.59 182.926
3.833 1793.33 41.6835
3.867 1804.44 48.4179
3.9 1909.55 47.114
3.933 1972.34 76.5885
3.967 1937.4 121.707
4 1924.35 95.1059
4.033 1931.52 40.4389
4.067 1903.98 8.81917
4.1 1923.3 -12.4868
4.133 1930.57 10.0861
4.167 1949.41 16.978
4.2 1889.61 58.6235
4.233 1839.96 84.8306
4.267 1833.58 437.673
4.3 1810.89 562.657
4.333 1780.95 573.228
4.367 1765.21 656.591
4.4 1782.02 843.126
4.433 1849.68 910.217
4.467 1819.34 941.615
4.5 1773.04 988.48
4.533 1778.53 997.768
4.567 1644.52 961.122
4.6 1756.03 801.179
4.633 1707.15 846.649
4.667 1720.94 861.075
4.7 1687.31 874.349
4.733 1715.2 895.151
4.767 1741.35 966.51
4.8 1707.6 926.992
4.833 1660.12 955.499
4.867 1722.66 863.942
4.9 1777.57 823.632
4.933 1879.78 821.02
4.967 1768.44 967.175
5 1688.22 953.198
5.033 1759.44 848.082
5.067 1658.91 879.301
5.1 1687.11 882.916
5.133 1730.3 889.795
5.167 1757.68 879.073
5.2 1881.74 741.172
5.233 1908.04 821.815
5.267 1873.43 1012.3
5.3 1863.32 1008.99
5.333 1908.27 920.436
5.367 1949.99 881.371
5.4 2065.17 751.86
5.433 2074.84 823.794
5.467 2156.15 839.699
5.5 2042.86 864.201
5.533 2146.48 836.694
5.567 2119.68 816.94
5.6 2204.92 808.621
5.633 2171.83 986.047
5.667 2052.43 992.176
5.7 2093.85 987.154
5.733 2041.04 994.928
5.767 2114.17 897.08
5.8 2081.35 829.416
5.833 1955.37 912.962
5.867 2093.16 797.399
5.9 1989.72 890.944
5.933 1981.71 913.647
5.967 1962.35 790.949
6 2057.8 992.306
6.033 2072.66 870.597
6.067 2113.68 940.255
6.1 2141.25 878.05
6.133 2188.74 843.338
6.167 2211.37 830.35
6.2 588.615 753.993
6.233 -62.1796 777.867
6.267 248.945 570.215
6.3 -264.792 1131.62
6.333 -11.6807 745.101
6.367 -282.158 951.86
6.4 -208.847 893.592
6.433 -255.611 920.611
6.467 18.4736 768.65
6.5 51.5298 789.673
6.533 -101.436 921.239
6.567 179.841 695.437
6.6 2.72984 779.677
6.633 30.8876 780.461
6.667 -60.5852 875.795
6.7 -65.1025 934.74
6.733 -133.935 864.766
6.767 -225.841 921.34
6.8 -777.412 1259.68
6.833 -719.079 1311.6
6.867 -437.71 1078.87
6.9 -251.109 1008.16
6.933 -94.2901 1038.36
6.967 84.6341 957.385
7 -54.8981 1121.63
7.033 30.0751 943.372
7.067 85.487 888.698
7.1 91.2871 864.536
7.133 270.303 764.423
7.167 168.038 801.564
7.2 313.393 662.051
7.233 67.5618 963.372
7.267 167.797 761.512
7.3 37.7234 792.186
7.333 31.4784 786.236
7.367 176.792 657.845
0 -777.412 2211.37 -51.0507 0
0 -777.412 2211.37 -51.0507 0
