0 -9366.62 4246.89
0.033 -8717.15 3679
0.067 -8593.36 3586.02
0.1 -8429.58 3582.41
0.133 -8687.83 3493.81
0.167 -8572.41 3488.74
0.2 -11381.2 3831.3
0.233 -24827 6876.44
0.267 -10383.1 3324.16
0.3 -8509.58 3380.34
0.333 -8230.46 3369.34
0.367 -7824.97 3127.27
0.4 -8739.56 3089.35
0.433 -9013.76 3154.04
0.467 -8986.88 3235.57
0.5 -10195.8 3426.96
0.533 -11756 3870.27
0.567 -11641.9 3756.77
0.6 -12317.3 3859.79
0.633 -12878 3615.08
0.667 -11827.2 3345.09
0.7 -11469.7 3288.38
0.733 -11009.7 3197.8
0.767 -11026.8 3101.09
0.8 -11175.8 2951.19
0.833 -11516.9 2950.77
0.867 -11181.5 3098.61
0.9 -11117 3048.93
0.933 -12007.3 3086.52
0.967 -13941.6 3909.99
1 -13940.5 3923.53
1.033 -14110.6 3868.49
1.067 -15076.2 3933.22
1.1 -15375.1 4044.37
1.133 -17568.1 4435.19
1.167 -17628.1 4355.86
1.2 -21628.3 5179.95
1.233 -31055.9 7648.69
1.267 -35542.8 8892.2
1.3 -39309.1 9604.81
1.333 -45024 11385.8
1.367 229808 -48787.7
1.4 7.98865e+06 -2.06803e+06
1.433 54216.4 -12424.8
1.467 42572.4 -9599.86
1.5 38299.6 -8876.44
1.533 29057.1 -7163.22
1.567 24146.6 -5739.13
1.6 27304.1 -6337.02
1.633 51568.7 -11148.1
1.667 58730.1 -13365
1.7 48628.8 -10494
1.733 51504.6 -12325.7
1.767 54839.3 -13392.3
1.8 41156.3 -9867.22
1.833 39487.4 -9693.14
1.867 24601.6 -4797.52
1.9 31155.6 -6715.88
1.933 33851.4 -7402.73
1.967 28787.8 -5862.71
2 22536.7 -4224.31
2.033 24427.8 -4721.48
2.067 25875.5 -5173.66
2.1 20307.9 -3787.02
2.133 22559.6 -4344.18
2.167 20682.6 -3966.28
2.2 20639.6 -3915.03
2.233 18584.1 -3247.68
2.267 15438.6 -2588.7
2.3 12272.9 -2187.63
2.333 8229.03 -1218.81
2.367 6381.44 -862.162
2.4 5279.84 -722.199
2.433 4224.26 -461.456
2.467 3655.36 -417.124
2.5 3065.59 -242.273
2.533 2675.44 -160.39
2.567 2345.09 -125.579
2.6 1986.2 -27.2562
2.633 1664.04 38.8981
2.667 1530.76 36.4387
2.7 1448.74 40.6598
2.733 1344.66 59.048
2.767 1227.67 86.9211
2.8 1278.89 58.6098
2.833 1306.01 58.3645
2.867 1311.39 87.4785
2.9 1325.19 61.9848
2.933 1274.88 96.6584
2.967 1178.58 171.927
3 1084.99 186.612
3.033 969.717 225.267
3.067 903.949 295.726
3.1 852.667 356.461
3.133 826.102 430.688
3.167 882.841 458.323
3.2 876.784 505.844
3.233 914.529 578.906
3.267 869.479 651.931
3.3 868.157 789.05
3.333 858.594 859.854
3.367 845.613 947.785
3.4 879.662 1029.96
3.433 853.228 1092.43
3.467 867.05 1170.36
3.5 833.926 1238.09
3.533 850.258 1323.91
3.567 888.878 1331.21
3.6 885.67 1377.81
3.633 887.783 1428.27
3.667 1024.07 1449.98
3.7 1096.04 1502.88
3.733 1167.89 1536.16
3.767 1265.34 1565.19
3.8 1272.2 1622.63
3.833 1299.18 1669.59
3.867 1339.2 1659.65
3.9 1489.4 1562.71
3.933 1633.79 1528.91
3.967 1547.11 1633.88
4 1653.8 1686.78
4.033 1669.56 1703.23
4.067 1602.36 1760.65
4.1 1870.63 1823.42
4.133 2098.98 1888.25
4.167 2427.74 1936.62
4.2 2760.2 1988.04
4.233 2816.32 2000.95
4.267 2858.84 1985.71
4.3 2885.68 1998.83
4.333 2939.14 2009.79
4.367 2927.01 2000.89
4.4 3027.72 1984.79
4.433 3206.78 2022.99
4.467 3361.73 2070.34
4.5 3679.01 2103.75
4.533 3771.45 2135.16
4.567 4211.3 2158.27
4.6 4177.79 2123.65
4.633 4175.19 2127.88
4.667 4406.33 2253.27
4.7 4774.56 2272.07
4.733 5603.58 2387.23
4.767 4870.51 2249.18
4.8 5648.94 2319.91
4.833 5740.7 2243.5
4.867 5733.43 2242.29
4.9 5672.5 2333.62
4.933 6276.46 2330.96
4.967 6649.86 2393.26
5 6697.72 2427
5.033 7264.19 2473.03
5.067 7367.41 2579.3
5.1 8369.48 2528.6
5.133 8791.33 2508.86
5.167 8821.51 2502.65
5.2 9195.16 2507.66
5.233 9314.39 2454.86
5.267 8582.14 2483.39
5.3 9560.06 2330.65
5.333 8952.1 2227.8
5.367 8879.98 2153.18
5.4 9316.13 2069.29
5.433 9568.43 1906.69
5.467 8774.54 1859.79
5.5 8616.42 1659.53
5.533 9056.73 1489.37
5.567 9310.91 1429.56
5.6 8458.44 1467.15
5.633 8420.93 1336.18
5.667 7516.61 1298.17
5.7 6725.09 1307.81
5.733 6512.7 1223.11
5.767 6593.47 1088.52
5.8 6093.37 1061.98
5.833 5631.86 1083.2
5.867 5229.1 1102.92
5.9 5416.22 1032.73
5.933 5023.1 1005.55
5.967 5208.81 926.074
6 5367.82 818.076
6.033 5032.68 856.617
6.067 4682.68 871.682
6.1 4245.1 848.019
6.133 3754.14 883.056
6.167 3814 826.368
6.2 3809.48 783.996
6.233 3663.33 852.168
6.267 3667.84 804.016
6.3 3512.09 807.788
6.333 3247.64 823.214
6.367 3089.4 833.961
6.4 2866.07 839.989
6.433 2680.48 825.381
6.467 2504.06 874.281
6.5 2476.23 860.953
6.533 2342.18 920.081
6.567 2211.66 906.669
6.6 2098.79 890.247
6.633 1840.19 944.099
6.667 1660.84 960.872
6.7 1684 980.911
6.733 1741.25 976.433
6.767 1633.19 1031.08
6.8 1610.23 1016.99
6.833 1516.55 1049.16
6.867 1419.84 1051.83
6.9 1426.5 1048.95
6.933 1409.55 1016.87
6.967 1368.33 1041.89
7 1394.47 1030.35
7.033 1346.48 1008.82
7.067 1333.92 1003.72
7.1 1350.85 979.371
7.133 1350.7 984.875
7.167 1411.23 1028.06
7.2 1449.72 1012.5
7.233 1479.21 1008.53
7.267 1520.26 1023.33
7.3 1585.12 970.375
7.333 1629.37 1011.06
7.367 1756.89 969.914
7.4 1807.81 977.076
7.433 1817.02 1022.5
7.467 1882.61 1021.18
7.5 1907.05 1028.66
7.533 1973.62 1037.31
7.567 1981.63 1040.26
7.6 2013.92 1040.82
7.633 2101.51 1020.12
7.667 2046.61 1041.39
7.7 2043.22 1022.21
7.733 1958.81 1030.26
7.767 1921.01 1030.66
7.8 1841.7 1056.62
7.833 1851.61 1018.29
7.867 1930.43 992.671
7.9 1912.11 1040.03
7.933 1886.05 1039.77
7.967 1938.63 998.053
8 1906.52 1034.79
8.033 1926.06 1030.94
8.067 1968.78 1017.06
8.1 2025.77 1054.07
8.133 2060.23 1033.27
8.167 2093.84 1061.88
8.2 2152.95 1031.83
8.233 2075.8 1079.8
8.267 2053.74 1070.86
8.3 2071.56 1089.63
8.333 2047.77 1124.38
8.367 2104.18 1096.82
8.4 2037.85 1128.65
8.433 2040.33 1103.88
8.467 1834.98 1129.44
8.5 1507.33 1094.59
8.533 1504.65 1097.74
8.567 1537.21 1112.51
8.6 1598.7 1108.14
8.633 1690.9 1127.79
8.667 1673.35 1139.09
8.7 1709.93 1117.65
8.733 1685.07 1126.18
8.767 1676.17 1093.11
8.8 1698.35 1090.01
8.833 1684.69 1080.91
8.867 1701.14 1067.98
8.9 2057.48 1081.17
8.933 2033.23 1074.62
8.967 1990.19 1059.48
9 2102.18 1064.92
9.033 2140.44 1069.77
9.067 2176.73 1077.12
9.1 2221.64 1096.76
9.133 2267.82 1093.19
9.167 2253.99 1111.88
9.2 2227.51 1114
9.233 2241.87 1117.56
9.267 2275.52 1114.62
9.3 2257.89 1108.23
9.333 2281.5 1117.64
9.367 2279.77 1099.19
9.4 2170.36 1122.95
9.433 2213.22 1110.45
9.467 2148.53 1095.9
9.5 2171.55 1107.66
9.533 2163.82 1112.26
9.567 2153.38 1116.66
9.6 2201.3 1130.25
9.633 2096.81 1115.29
9.667 2092.79 1127.61
9.7 2094.79 1134.04
9.733 2103.63 1142.23
9.767 2094.41 1142.81
9.8 2200.57 1150.72
9.833 2146.65 1156.83
9.867 2146.65 1156.83
9.9 2131.08 1149.33
9.933 2134.21 1140.71
9.967 2166.53 1165.96
10 2363.12 1073.83
10.033 2522.21 1067.99
10.067 2489.6 1088.08
10.1 2638.85 998.051
10.133 2493.36 938.809
0 -45024 7.98865e+06 -2.06803e+06 0
0 -45024 7.98865e+06 -2.06803e+06 0
