0 552.512 391.475 
 0.033 552.425 391.65 
 0.067 552.787 392.225 
 0.1 552.938 391.988 
 0.133 553.15 391.6 
 0.167 553.275 392.138 
 0.2 553.212 392.238 
 0.233 553.538 391.637 
 0.267 553.875 392.55 
 0.3 553.912 391.938 
 0.333 554.175 391.962 
 0.367 554.1 391.925 
 0.4 553.988 391.475 
 0.433 554.6 390.512 
 0.467 554.313 390.713 
 0.5 554.587 391.163 
 0.533 554.8 390.9 
 0.567 554.313 390.762 
 0.6 554.2 390.65 
 0.633 554.337 390.95 
 0.667 554.375 390.75 
 0.7 554.7 390.613 
 0.733 554.725 391.15 
 0.767 553.975 391.887 
 0.8 554.413 392.075 
 0.833 553.638 392.488 
 0.867 553.05 391.75 
 0.9 553.35 391.875 
 0.933 553.063 391.55 
 0.967 552.95 392 
 1 553.35 392.1 
 1.033 552.95 392.275 
 1.067 553.538 392.337 
 1.1 553.725 392.25 
 1.133 553.363 391.5 
 1.167 553.563 391.887 
 1.2 552.775 392.25 
 1.233 553 392.2 
 1.267 553.237 392.05 
 1.3 552.688 392.163 
 1.333 552.65 391.625 
 1.367 552.988 391.938 
 1.4 552.7 391.85 
 1.433 552.75 391.362 
 1.467 552.863 391.6 
 1.5 552.35 391.225 
 1.533 552.4 391.563 
 1.567 552.388 391.787 
 1.6 551.938 391.6 
 1.633 552.125 391.625 
 1.667 552.3 391.5 
 1.7 552.25 391.6 
 1.733 553.3 392.163 
 1.767 554.275 391.962 
 1.8 552.85 391.337 
 1.833 547.425 391.925 
 1.867 543.075 392.788 
 1.9 537.85 391.85 
 1.933 535.438 391.212 
 1.967 534.275 391.175 
 2 532.138 390.863 
 2.033 532.038 391.4 
 2.067 531.938 392.05 
 2.1 531.825 391.4 
 2.133 530.938 391.762 
 2.167 530.913 391.775 
 2.2 531.225 391.338 
 2.233 531.313 391.413 
 2.267 531.05 391.887 
 2.3 530.962 392.337 
 2.333 530.975 392.475 
 2.367 531.075 392.938 
 2.4 531.1 392.7 
 2.433 531.65 393.175 
 2.467 532.112 392.7 
 2.5 532.175 392.75 
 2.533 532.112 393.213 
 2.567 532.162 392.737 
 2.6 532.413 392.938 
 2.633 532.813 393.4 
 2.667 533.35 393.612 
 2.7 533.9 393.3 
 2.733 534.063 393.037 
 2.767 534.25 393.387 
 2.8 534.188 393.537 
 2.833 534.075 393.7 
 2.867 534.212 393.8 
 2.9 534.075 393.838 
 2.933 533.563 394.275 
 2.967 533.05 394.3 
 3 532.862 393.912 
 3.033 532.85 394.45 
 3.067 532.788 394.813 
 3.1 533.075 395.637 
 3.133 533.05 395.8 
 3.167 533.063 395.8 
 3.2 532.6 396.1 
 3.233 532.538 396.1 
 3.267 532.2 396.2 
 3.3 532.937 399.837 
 3.333 532.7 402.3 
 3.367 532.537 402 
 3.4 532.95 401.338 
 3.433 532.737 400.95 
 3.467 532.475 401.612 
 3.5 531.988 400.225 
 3.533 531.737 401.05 
 3.567 531.487 399.988 
 3.6 531.462 401.338 
 3.633 531.337 401.988 
 3.667 531.15 401.6 
 3.7 531.013 402.05 
 3.733 531.05 401.688 
 3.767 531.125 402.137 
 3.8 531.7 402.4 
 3.833 531.15 401.5 
 3.867 530.638 401.613 
 3.9 530.55 401.762 
 3.933 530.9 401.225 
 3.967 531.125 401.087 
 4 530.75 402.613 
 4.033 529.8 401.9 
 4.067 529.375 402.25 
 4.1 529.2 401.913 
 4.133 529.287 402.163 
 4.167 529.525 402.575 
 4.2 529.987 402.55 
 4.233 530.3 402.45 
 4.267 530.5 400.7 
 4.3 530.538 401.587 
 4.333 530.275 401.512 
 4.367 530.525 402.225 
 4.4 529.837 402.663 
 4.433 529.85 401.45 
 4.467 529.8 402.925 
 4.5 529.875 401.913 
 4.533 529.875 401.175 
 4.567 529.712 402.188 
 4.6 529.3 402.462 
 4.633 529.487 402.75 
 4.667 533.225 404.512 
 4.7 540.6 403.25 
 4.733 542.225 400.987 
 4.767 543.85 401.6 
 4.8 544.325 401.4 
 4.833 544.2 401.5 
 4.867 543.925 401.488 
 4.9 544 401.212 
 4.933 544.037 401.987 
 4.967 544.212 401.75 
 5 543.975 401.95 
 5.033 543.638 401.575 
 5.067 543.75 402.1 
 5.1 543.275 401.95 
 5.133 543.25 402.138 
 5.167 543.413 402.95 
 5.2 543.775 402.525 
 5.233 544.212 403.412 
 5.267 543.987 402.725 
 5.3 544.013 402.7 
 5.333 543.962 403.375 
 5.367 543.975 403.075 
 5.4 543.938 403.225 
 5.433 543.6 403.212 
 5.467 543.725 403.813 
 5.5 543.163 403.212 
 5.533 542.7 402.113 
 5.567 541.813 401.887 
 5.6 542.15 402.775 
 5.633 541.85 401.887 
 5.667 541.95 402.462 
 5.7 542.2 402.475 
 5.733 541.937 402.088 
 5.767 541.85 402.55 
 5.8 541.5 402.837 
 