0 503.787 378.087
0.033 500.825 379.237
0.067 500.25 379.4
0.1 500.1 378.887
0.133 499.837 380.25
0.167 499.712 379.925
0.2 502.663 384.55
0.233 508.45 388.087
0.267 500.25 385.212
0.3 499.063 380.4
0.333 498.712 379.563
0.367 496.7 379.775
0.4 497.7 382.9
0.433 498.35 383.212
0.467 498.75 382.65
0.5 500.575 384.325
0.533 502.9 384.988
0.567 502.475 385.3
0.6 503 385.862
0.633 502.363 387.575
0.667 501.087 387.388
0.7 500.712 387.15
0.733 500.113 386.9
0.767 499.738 387.4
0.8 499.238 388.35
0.833 499.462 388.8
0.867 499.825 387.637
0.9 499.588 387.788
0.933 500.25 388.775
0.967 503.462 387.65
1 503.5 387.6
1.033 503.375 387.975
1.067 503.688 388.675
1.1 504 388.575
1.133 505.012 389.137
1.167 504.85 389.4
1.2 506.3 389.788
1.233 508.625 389.5
1.267 509.313 389.338
1.3 509.5 389.6
1.333 510.187 389.238
1.367 512.3 390.938
1.4 513.063 389.063
1.433 514.275 390.25
1.467 514.7 390.387
1.5 515.112 390.15
1.533 516.25 389.612
1.567 516.688 389.938
1.6 516.125 390.137
1.633 514.05 390.75
1.667 514.087 390.313
1.7 514.163 390.762
1.733 514.625 389.863
1.767 514.625 389.675
1.8 515.125 389.85
1.833 515.362 389.638
1.867 515.65 391.488
1.9 515.313 390.75
1.933 515.138 390.637
1.967 515.287 391.188
2 515.825 391.75
2.033 515.638 391.55
2.067 515.575 391.313
2.1 516.25 391.762
2.133 515.938 391.563
2.167 516.287 391.575
2.2 516.25 391.65
2.233 516.4 392.162
2.267 517.2 392.35
2.3 518.763 391.9
2.333 521.025 392.65
2.367 522.925 392.825
2.4 524.65 392.6
2.433 526.4 393.05
2.467 527.875 392.75
2.5 529.25 393.262
2.533 530.438 393.413
2.567 531.7 393.288
2.6 533.025 393.638
2.633 534.475 393.8
2.667 535.25 393.6
2.7 535.725 393.525
2.733 536.3 393.55
2.767 536.95 393.65
2.8 536.725 393.45
2.833 536.55 393.488
2.867 536.4 393.775
2.9 536.412 393.55
2.933 536.6 393.813
2.967 536.938 394.425
3 537.525 394.45
3.033 538.2 394.7
3.067 538.4 395.375
3.1 538.537 395.988
3.133 538.425 396.8
3.167 537.863 397.163
3.2 537.7 397.7
3.233 537.087 398.562
3.267 537.1 399.4
3.3 536.475 401.05
3.333 536.212 401.925
3.367 535.888 403.038
3.4 535.225 404.063
3.433 535.113 404.9
3.467 534.612 405.912
3.5 534.513 406.875
3.533 533.938 408.025
3.567 533.612 408.05
3.6 533.388 408.7
3.633 533.1 409.4
3.667 532.025 409.387
3.7 531.263 409.938
3.733 530.625 410.213
3.767 529.875 410.362
3.8 529.525 411.1
3.833 529.112 411.65
3.867 528.938 411.412
3.9 528.625 409.825
3.933 528.05 409.125
3.967 527.95 410.575
4 527.137 410.975
4.033 526.975 411.137
4.067 527 412.012
4.1 525.425 412.087
4.133 524.15 412.275
4.167 522.712 412.037
4.2 521.412 411.85
4.233 521.188 411.862
4.267 521.137 411.625
4.3 521 411.7
4.333 520.8 411.7
4.367 520.875 411.638
4.4 520.675 411.288
4.433 520.038 411.313
4.467 519.45 411.463
4.5 518.6 411.2
4.533 518.275 411.313
4.567 517.35 410.8
4.6 517.55 410.575
4.633 517.537 410.613
4.667 516.638 411.25
4.7 516 410.85
4.733 514.513 410.563
4.767 515.95 410.55
4.8 514.7 410.063
4.833 514.862 409.462
4.867 514.875 409.463
4.9 514.625 410.125
4.933 514 409.45
4.967 513.45 409.45
5 513.3 409.6
5.033 512.7 409.325
5.067 512.3 409.813
5.1 511.8 408.7
5.133 511.613 408.3
5.167 511.613 408.25
5.2 511.4 408.025
5.233 511.475 407.712
5.267 511.8 408.325
5.3 511.663 407.025
5.333 512.262 406.9
5.367 512.5 406.6
5.4 512.45 406.012
5.433 512.7 405.212
5.467 513.325 405.325
5.5 513.95 404.488
5.533 514.05 403.612
5.567 514.012 403.3
5.6 514.563 403.675
5.633 514.925 403.1
5.667 515.85 403.137
5.7 516.675 403.4
5.733 517.175 403.012
5.767 517.462 402.288
5.8 518.2 402.238
5.833 518.813 402.45
5.867 519.4 402.662
5.9 519.313 402.2
5.933 520.075 402.113
5.967 520 401.6
6 520.063 400.95
6.033 520.537 401.2
6.067 521.163 401.325
6.1 522.175 401.213
6.133 523.237 401.512
6.167 523.288 401.1
6.2 523.45 400.8
6.233 523.587 401.3
6.267 523.75 400.95
6.3 524.163 400.988
6.333 524.875 401.125
6.367 525.325 401.225
6.4 526.038 401.3
6.433 526.75 401.2
6.467 527.212 401.65
6.5 527.375 401.538
6.533 527.663 402.1
6.567 528.262 402.012
6.6 528.825 401.887
6.633 529.8 402.5
6.667 530.637 402.75
6.7 530.425 402.95
6.733 530.15 402.875
6.767 530.462 403.513
6.8 530.65 403.375
6.833 531.013 403.788
6.867 531.55 403.887
6.9 531.525 403.85
6.933 531.775 403.5
6.967 531.9 403.813
7 531.8 403.663
7.033 532.188 403.45
7.067 532.288 403.4
7.1 532.3 403.112
7.133 532.275 403.175
7.167 531.713 403.625
7.2 531.563 403.425
7.233 531.413 403.363
7.267 531.112 403.5
7.3 531 402.887
7.333 530.575 403.3
7.367 530.1 402.8
7.4 529.812 402.85
7.433 529.563 403.313
7.467 529.25 403.262
7.5 529.1 403.325
7.533 528.75 403.375
7.567 528.7 403.4
7.6 528.55 403.387
7.633 528.25 403.137
7.667 528.4 403.375
7.7 528.5 403.187
7.733 528.85 403.313
7.767 529.025 403.337
7.8 529.288 403.65
7.833 529.413 403.25
7.867 529.15 402.95
7.9 529.025 403.438
7.933 529.15 403.45
7.967 529.087 403
8 529.075 403.388
8.033 529 403.337
8.067 528.862 403.175
8.1 528.438 403.512
8.133 528.375 403.288
8.167 528.1 403.55
8.2 527.975 403.225
8.233 528.1 403.738
8.267 528.238 403.662
8.3 528.075 403.837
8.333 528.025 404.2
8.367 527.9 403.887
8.4 528.05 404.25
8.433 528.15 404
8.467 528.988 404.413
8.5 530.85 404.3
8.533 530.85 404.338
8.567 530.6 404.475
8.6 530.287 404.375
8.633 529.712 404.512
8.667 529.75 404.65
8.7 529.663 404.387
8.733 529.75 404.5
8.767 529.95 404.15
8.8 529.85 404.1
8.833 529.962 404.012
8.867 529.938 403.863
8.9 528.175 403.762
8.933 528.313 403.713
8.967 528.575 403.587
9 528.05 403.575
9.033 527.863 403.6
9.067 527.675 403.65
9.1 527.4 403.813
9.133 527.225 403.75
9.167 527.2 403.938
9.2 527.3 403.975
9.233 527.225 404
9.267 527.1 403.95
9.3 527.2 403.9
9.333 527.063 403.975
9.367 527.15 403.8
9.4 527.5 404.1
9.433 527.375 403.95
9.467 527.713 403.85
9.5 527.563 403.95
9.533 527.575 404
9.567 527.6 404.05
9.6 527.337 404.15
9.633 527.85 404.075
9.667 527.812 404.2
9.7 527.775 404.263
9.733 527.7 404.337
9.767 527.737 404.35
9.8 527.25 404.35
9.833 527.45 404.45
9.867 527.45 404.45
9.9 527.55 404.387
9.933 527.575 404.3
9.967 527.325 404.525
10 526.925 403.512
10.033 526.337 403.375
10.067 526.375 403.575
10.1 526.2 402.7
10.133 526.987 402.225
